0000000000000000000
0000000100000000000
0000001000000000000
0000001011111111111
0000001111111111101
0000010011111111011
0000010111111110111
0000011011111110010
0000011111111101011
0000100011111100010
0000100111111010110
0000101011111001001
0000101111110111000
0000110011110100101
0000110111110001110
0000111011101110100
0000111111101010110
0001000011100110101
0001000111100001111
0001001011011100101
0001001111010110110
0001010011010000010
0001010111001001010
0001011011000001100
0001011110111001000
0001100010101111111
0001100110100110000
0001101010011011010
0001101110001111111
0001110010000011100
0001110101110110011
0001111001101000011
0001111101011001100
0010000001001001101
0010000100111000111
0010001000100111001
0010001100010100100
0010010000000000110
0010010011101011111
0010010111010110001
0010011010111111010
0010011110100111001
0010100010001110000
0010100101110011110
0010101001011000011
0010101100111011110
0010110000011101111
0010110011111110111
0010110111011110101
0010111010111101001
0010111110011010011
0011000001110110011
0011000101010001000
0011001000101010011
0011001100000010011
0011001111011001000
0011010010101110011
0011010110000010010
0011011001010100111
0011011100100110000
0011011111110101110
0011100011000100001
0011100110010001001
0011101001011100101
0011101100100110101
0011101111101111010
0011110010110110011
0011110101111100001
0011111001000000010
0011111100000011000
0011111111000100001
0100000010000011111
0100000101000010001
0100000111111110110
0100001010111010000
0100001101110011101
0100010000101011111
0100010011100010100
0100010110010111100
0100011001001011001
0100011011111101001
0100011110101101101
0100100001011100101
0100100100001010000
0100100110110101111
0100101001100000010
0100101100001001000
0100101110110000010
0100110001010110000
0100110011111010001
0100110110011100110
0100111000111101111
0100111011011101100
0100111101111011100
0101000000011000001
0101000010110011001
0101000101001100100
0101000111100100100
0101001001111011000
0101001100001111111
0101001110100011011
0101010000110101011
0101010011000101110
0101010101010100110
0101010111100010010
0101011001101110010
0101011011111000110
0101011110000001111
0101100000001001100
0101100010001111101
0101100100010100011
0101100110010111110
0101101000011001101
0101101010011010000
0101101100011001000
0101101110010110110
0101110000010010111
0101110010001101110
0101110100000111010
0101110101111111011
0101110111110110000
0101111001101011011
0101111011011111100
0101111101010010001
0101111111000011100
0110000000110011101
0110000010100010011
0110000100001111110
0110000101111011111
0110000111100110110
0110001001010000011
0110001010111000110
0110001100011111111
0110001110000101110
0110001111101010011
0110010001001101110
0110010010101111111
0110010100010000111
0110010101110000110
0110010111001111011
0110011000101100111
0110011010001001001
0110011011100100010
0110011100111110010
0110011110010111001
0110011111101111000
0110100001000101101
0110100010011011001
0110100011101111101
0110100101000011001
0110100110010101011
0110100111100110110
0110101000110111000
0110101010000110001
0110101011010100011
0110101100100001100
0110101101101101110
0110101110111000111
0110110000000011001
0110110001001100010
0110110010010100100
0110110011011011111
0110110100100010010
0110110101100111101
0110110110101100010
0110110111101111110
0110111000110010100
0110111001110100011
0110111010110101010
0110111011110101011
0110111100110100100
0110111101110010111
0110111110110000011
0110111111101101000
0111000000101000111
0111000001100011111
0111000010011110001
0111000011010111101
0111000100010000010
0111000101001000001
0111000101111111010
0111000110110101101
0111000111101011001
0111001000100000000
0111001001010100001
0111001010000111101
0111001010111010010
0111001011101100010
0111001100011101100
0111001101001110001
0111001101111110000
0111001110101101010
0111001111011011111
0111010000001001111
0111010000110111001
0111010001100011110
0111010010001111110
0111010010111011010
0111010011100110000
0111010100010000001
0111010100111001110
0111010101100010110
0111010110001011001
0111010110110011000
0111010111011010010
0111011000000000111
0111011000100111001
0111011001001100101
0111011001110001110
0111011010010110010
0111011010111010010
0111011011011101110
0111011100000000110
0111011100100011010
0111011101000101010
0111011101100110101
0111011110000111101
0111011110101000010
0111011111001000010
0111011111100111111
0111100000000111000
0111100000100101101
0111100001000011111
0111100001100001101
0111100001111111000
0111100010011011111
0111100010111000011
0111100011010100100
0111100011110000001
0111100100001011011
0111100100100110010
0111100101000000110
0111100101011010111
0111100101110100100
0111100110001101111
0111100110100110111
0111100110111111011
0111100111010111101
0111100111101111100
0111101000000111000
0111101000011110001
0111101000110101000
0111101001001011100
0111101001100001101
0111101001110111011
0111101010001100111
0111101010100010001
0111101010110111000
0111101011001011100
0111101011011111110
0111101011110011101
0111101100000111011
0111101100011010101
0111101100101101110
0111101101000000100
0111101101010011000
0111101101100101010
0111101101110111010
0111101110001000111
0111101110011010010
0111101110101011100
0111101110111100011
0111101111001101000
0111101111011101011
0111101111101101100
0111101111111101100
0111110000001101001
0111110000011100101
0111110000101011110
0111110000111010110
0111110001001001100
0111110001011000000
0111110001100110011
0111110001110100011
0111110010000010010
0111110010010000000
0111110010011101011
0111110010101010110
0111110010110111110
0111110011000100101
0111110011010001010
0111110011011101110
0111110011101010000
0111110011110110001
0111110100000010001
0111110100001101110
0111110100011001011
0111110100100100110
0111110100110000000
0111110100111011000
0111110101000101111
0111110101010000101
0111110101011011001
0111110101100101100
0111110101101111110
0111110101111001111
0111110110000011110
0111110110001101100
0111110110010111001
0111110110100000101
0111110110101010000
0111110110110011001
0111110110111100001
0111110111000101001
0111110111001101111
0111110111010110100
0111110111011111000
0111110111100111011
0111110111101111101
0111110111110111110
0111110111111111110
0111111000000111101
0111111000001111011
0111111000010111000
0111111000011110101
0111111000100110000
0111111000101101010
0111111000110100100
0111111000111011100
0111111001000010100
0111111001001001011
0111111001010000001
0111111001010110110
0111111001011101011
0111111001100011110
0111111001101010001
0111111001110000011
0111111001110110100
0111111001111100101
0111111010000010101
0111111010001000100
0111111010001110010
0111111010010100000
0111111010011001101
0111111010011111001
0111111010100100100
0111111010101001111
0111111010101111001
0111111010110100011
0111111010111001100
0111111010111110100
0111111011000011100
0111111011001000011
0111111011001101001
0111111011010001111
0111111011010110101
0111111011011011001
0111111011011111101
0111111011100100001
0111111011101000100
0111111011101100111
0111111011110001001
0111111011110101010
0111111011111001011
0111111011111101011
0111111100000001011
0111111100000101011
0111111100001001010
0111111100001101000
0111111100010000110
0111111100010100100
0111111100011000001
0111111100011011110
0111111100011111010
0111111100100010110
0111111100100110001
0111111100101001100
0111111100101100110
0111111100110000001
0111111100110011010
0111111100110110100
0111111100111001101
0111111100111100101
0111111100111111101
0111111101000010101
0111111101000101100
0111111101001000100
0111111101001011010
0111111101001110001
0111111101010000111
0111111101010011100
0111111101010110010
0111111101011000111
0111111101011011011
0111111101011110000
0111111101100000100
0111111101100010111
0111111101100101011
0111111101100111110
0111111101101010001
0111111101101100011
0111111101101110110
0111111101110001000
0111111101110011001
0111111101110101011
0111111101110111100
0111111101111001101
0111111101111011101
0111111101111101110
0111111101111111110
0111111110000001110
0111111110000011101
0111111110000101101
0111111110000111100
0111111110001001011
0111111110001011010
0111111110001101000
0111111110001110110
0111111110010000100
0111111110010010010
0111111110010100000
0111111110010101101
0111111110010111010
0111111110011000111
0111111110011010100
0111111110011100001
0111111110011101101
0111111110011111001
0111111110100000101
0111111110100010001
0111111110100011101
0111111110100101000
0111111110100110011
0111111110100111110
0111111110101001001
0111111110101010100
0111111110101011111
0111111110101101001
0111111110101110011
0111111110101111101
0111111110110000111
0111111110110010001
0111111110110011011
0111111110110100100
0111111110110101110
0111111110110110111
0111111110111000000
0111111110111001001
0111111110111010010
0111111110111011010
0111111110111100011
0111111110111101011
0111111110111110011
0111111110111111100
0111111111000000100
0111111111000001011
0111111111000010011
0111111111000011011
0111111111000100010
0111111111000101010
0111111111000110001
0111111111000111000
0111111111000111111
0111111111001000110
0111111111001001101
0111111111001010100
0111111111001011010
0111111111001100001
0111111111001100111
0111111111001101110
0111111111001110100
0111111111001111010
0111111111010000000
0111111111010000110
0111111111010001100
0111111111010010010
0111111111010010111
0111111111010011101
0111111111010100010
0111111111010101000
0111111111010101101
0111111111010110010
0111111111010111000
0111111111010111101
0111111111011000010
0111111111011000111
0111111111011001100
0111111111011010000
0111111111011010101
0111111111011011010
0111111111011011110
0111111111011100011
0111111111011100111
0111111111011101011
0111111111011110000
0111111111011110100
0111111111011111000
0111111111011111100
0111111111100000000
0111111111100000100
0111111111100001000
0111111111100001100
0111111111100010000
0111111111100010011
0111111111100010111
0111111111100011011
0111111111100011110
0111111111100100010
0111111111100100101
0111111111100101001
0111111111100101100
0111111111100101111
0111111111100110010
0111111111100110110
0111111111100111001
0111111111100111100
0111111111100111111
0111111111101000010
0111111111101000101
0111111111101001000
0111111111101001011
0111111111101001101
0111111111101010000
0111111111101010011
0111111111101010110
0111111111101011000
0111111111101011011
0111111111101011101
0111111111101100000
0111111111101100010
0111111111101100101
0111111111101100111
0111111111101101010
0111111111101101100
0111111111101101110
0111111111101110000
0111111111101110011
0111111111101110101
0111111111101110111
0111111111101111001
0111111111101111011
0111111111101111101
0111111111101111111
0111111111110000001
0111111111110000011
0111111111110000101
0111111111110000111
0111111111110001001
0111111111110001011
0111111111110001101
0111111111110001110
0111111111110010000
0111111111110010010
0111111111110010100
0111111111110010101
0111111111110010111
0111111111110011001
0111111111110011010
0111111111110011100
0111111111110011101
0111111111110011111
0111111111110100000
0111111111110100010
0111111111110100011
0111111111110100101
0111111111110100110
0111111111110101000
0111111111110101001
0111111111110101010
0111111111110101100
0111111111110101101
0111111111110101110
0111111111110101111
0111111111110110001
0111111111110110010
0111111111110110011
0111111111110110100
0111111111110110110
0111111111110110111
0111111111110111000
0111111111110111001
0111111111110111010
0111111111110111011
0111111111110111100
0111111111110111101
0111111111110111110
0111111111110111111
0111111111111000000
0111111111111000001
0111111111111000010
0111111111111000011
0111111111111000100
0111111111111000101
0111111111111000110
0111111111111000111
0111111111111001000
0111111111111001001
0111111111111001010
0111111111111001010
0111111111111001011
0111111111111001100
0111111111111001101
0111111111111001110
0111111111111001110
0111111111111001111
0111111111111010000
0111111111111010001
0111111111111010001
0111111111111010010
0111111111111010011
0111111111111010100
0111111111111010100
0111111111111010101
0111111111111010110
0111111111111010110
0111111111111010111
0111111111111011000
0111111111111011000
0111111111111011001
0111111111111011001
0111111111111011010
0111111111111011011
0111111111111011011
0111111111111011100
0111111111111011100
0111111111111011101
0111111111111011101
0111111111111011110
0111111111111011110
0111111111111011111
0111111111111011111
0111111111111100000
0111111111111100000
0111111111111100001
0111111111111100001
0111111111111100010
0111111111111100010
0111111111111100011
0111111111111100011
0111111111111100100
0111111111111100100
0111111111111100101
0111111111111100101
0111111111111100101
0111111111111100110
0111111111111100110
0111111111111100111
0111111111111100111
0111111111111100111
0111111111111101000
0111111111111101000
0111111111111101001
0111111111111101001
0111111111111101001
0111111111111101010
0111111111111101010
0111111111111101010
0111111111111101011
0111111111111101011
0111111111111101011
0111111111111101100
0111111111111101100
0111111111111101100
0111111111111101101
0111111111111101101
0111111111111101101
0111111111111101101
0111111111111101110
0111111111111101110
0111111111111101110
0111111111111101111
0111111111111101111
0111111111111101111
0111111111111101111
0111111111111110000
0111111111111110000
0111111111111110000
0111111111111110000
0111111111111110001
0111111111111110001
0111111111111110001
0111111111111110001
0111111111111110010
0111111111111110010
0111111111111110010
0111111111111110010
0111111111111110010
0111111111111110011
0111111111111110011
0111111111111110011
0111111111111110011
0111111111111110011
0111111111111110100
0111111111111110100
0111111111111110100
0111111111111110100
0111111111111110100
0111111111111110101
0111111111111110101
0111111111111110101
0111111111111110101
0111111111111110101
0111111111111110101
0111111111111110110
0111111111111110110
0111111111111110110
0111111111111110110
0111111111111110110
0111111111111110110
0111111111111110111
0111111111111110111
0111111111111110111
0111111111111110111
0111111111111110111
0111111111111110111
0111111111111110111
0111111111111111000
0111111111111111000
0111111111111111000
0111111111111111000
0111111111111111000
0111111111111111000
0111111111111111000
0111111111111111000
0111111111111111001
0111111111111111001
0111111111111111001
0111111111111111001
0111111111111111001
0111111111111111001
0111111111111111001
0111111111111111001
0111111111111111001
0111111111111111001
0111111111111111010
0111111111111111010
0111111111111111010
0111111111111111010
0111111111111111010
0111111111111111010
0111111111111111010
0111111111111111010
0111111111111111010
0111111111111111010
0111111111111111011
0111111111111111011
0111111111111111011
0111111111111111011
0111111111111111011
0111111111111111011
0111111111111111011
0111111111111111011
0111111111111111011
0111111111111111011
0111111111111111011
0111111111111111011
0111111111111111011
0111111111111111100
0111111111111111100
0111111111111111100
0111111111111111100
0111111111111111100
0111111111111111100
0111111111111111100
0111111111111111100
0111111111111111100
0111111111111111100
0111111111111111100
0111111111111111100
0111111111111111100
0111111111111111100
0111111111111111100
0111111111111111100
0111111111111111101
0111111111111111101
0111111111111111101
0111111111111111101
0111111111111111101
0111111111111111101
0111111111111111101
0111111111111111101
0111111111111111101
0111111111111111101
0111111111111111101
0111111111111111101
0111111111111111101
0111111111111111101
0111111111111111101
0111111111111111101
0111111111111111101
0111111111111111101
0111111111111111101
0111111111111111101
0111111111111111101
0111111111111111101
0111111111111111110
0111111111111111110
0111111111111111110
0111111111111111110
0111111111111111110
0111111111111111110
0111111111111111110
0111111111111111110
0111111111111111110
0111111111111111110
0111111111111111110
0111111111111111110
0111111111111111110
0111111111111111110
0111111111111111110
0111111111111111110
0111111111111111110
0111111111111111110
0111111111111111110
0111111111111111110
0111111111111111110
0111111111111111110
0111111111111111110
0111111111111111110
0111111111111111110
0111111111111111110
0111111111111111110
0111111111111111110
0111111111111111110
0111111111111111110
0111111111111111110
0111111111111111110
0111111111111111111
0111111111111111111
0111111111111111111
0111111111111111111
0111111111111111111
0111111111111111111
0111111111111111111
0111111111111111111
0111111111111111111
0111111111111111111
0111111111111111111
0111111111111111111
0111111111111111111
0111111111111111111
0111111111111111111
0111111111111111111
0111111111111111111
0111111111111111111
0111111111111111111
0111111111111111111
0111111111111111111
0111111111111111111
0111111111111111111
0111111111111111111
0111111111111111111
0111111111111111111
0111111111111111111
0111111111111111111
0111111111111111111
0111111111111111111
0111111111111111111
0111111111111111111
0111111111111111111
0111111111111111111
0111111111111111111
0111111111111111111
0111111111111111111
0111111111111111111
0111111111111111111
0111111111111111111
0111111111111111111
0111111111111111111
0111111111111111111
0111111111111111111
0111111111111111111
0111111111111111111
0111111111111111111
0111111111111111111
0111111111111111111
0111111111111111111
0111111111111111111
0111111111111111111
0111111111111111111
0111111111111111111
0111111111111111111
0111111111111111111
0111111111111111111
0111111111111111111
0111111111111111111
0111111111111111111
0111111111111111111
0111111111111111111
0111111111111111111
0111111111111111111
0111111111111111111
0111111111111111111
0111111111111111111
0111111111111111111
0111111111111111111
0111111111111111111
0111111111111111111
1000000000000000000
1000000000000000000
1000000000000000000
1000000000000000000
1000000000000000000
1000000000000000000
1000000000000000000
1000000000000000000
1000000000000000000
1000000000000000000
1000000000000000000
1000000000000000000
1000000000000000000
1000000000000000000
1000000000000000000
1000000000000000000
1000000000000000000
1000000000000000000
1000000000000000000
1000000000000000000
1000000000000000000
1000000000000000000
1000000000000000000
1000000000000000000
1000000000000000000
1000000000000000000
1000000000000000000
1000000000000000000
1000000000000000000
1000000000000000000
1000000000000000000
1000000000000000000
1000000000000000000
1000000000000000000
1000000000000000000
1000000000000000000
1000000000000000000
1000000000000000000
1000000000000000000
1000000000000000000
1000000000000000000
1000000000000000000
1000000000000000000
1000000000000000000
1000000000000000000
1000000000000000000
1000000000000000000
1000000000000000000
1000000000000000000
1000000000000000000
1000000000000000000
1000000000000000000
1000000000000000000
1000000000000000000
1000000000000000000
1000000000000000000
1000000000000000000
1000000000000000000
1000000000000000000
1000000000000000000
1000000000000000000
1000000000000000000
1000000000000000000
1000000000000000000
1000000000000000000
1000000000000000000
1000000000000000000
1000000000000000000
1000000000000000000
1000000000000000000
1000000000000000000
1000000000000000000
1000000000000000000
1000000000000000000
1000000000000000000
1000000000000000000
1000000000000000000
1000000000000000000
1000000000000000000
1000000000000000000
1000000000000000000
1000000000000000000
1000000000000000000
1000000000000000000
1000000000000000000
1000000000000000000
1000000000000000000
1000000000000000000
1000000000000000000
1000000000000000000
1000000000000000000
1000000000000000000
1000000000000000000
1000000000000000000
1000000000000000000
1000000000000000000
1000000000000000000
1000000000000000000
1000000000000000000
1000000000000000000
1000000000000000000
1000000000000000000
1000000000000000000
1000000000000000000
1000000000000000000
1000000000000000000
1000000000000000000
1000000000000000000
1000000000000000000
1000000000000000000
1000000000000000000
1000000000000000000
1000000000000000000
1000000000000000000
1000000000000000000
1000000000000000000
1000000000000000000
1000000000000000000
1000000000000000000
1000000000000000000
1000000000000000000
1000000000000000000
1000000000000000000
1000000000000000000
1000000000000000000
1000000000000000000
1000000000000000000
1000000000000000000
1000000000000000000
1000000000000000000
1000000000000000000
1000000000000000000
1000000000000000000
1000000000000000000
1000000000000000000
1000000000000000000