100000000000
100000000000
011111111111
011111111110
011111111101
011111111100
011111111011
011111111001
011111110111
011111110101
011111110010
011111110000
011111101101
011111101001
011111100110
011111100010
011111011110
011111011010
011111010110
011111010001
011111001100
011111000111
011111000010
011110111100
011110110111
011110110001
011110101011
011110100100
011110011110
011110010111
011110010000
011110001001
011110000001
011101111010
011101110010
011101101010
011101100010
011101011010
011101010001
011101001001
011101000000
011100110111
011100101110
011100100101
011100011011
011100010010
011100001000
011011111110
011011110100
011011101010
011011100000
011011010101
011011001011
011011000000
011010110101
011010101011
011010100000
011010010101
011010001001
011001111110
011001110011
011001100111
011001011100
011001010000
011001000101
011000111001
011000101101
011000100010
011000010110
011000001010
010111111110
010111110010
010111100110
010111011010
010111001101
010111000001
010110110101
010110101001
010110011100
010110010000
010110000100
010101111000
010101101011
010101011111
010101010011
010101000110
010100111010
010100101110
010100100001
010100010101
010100001001
010011111101
010011110000
010011100100
010011011000
010011001100
010011000000
010010110100
010010101000
010010011100
010010010000
010010000100
010001111000
010001101100
010001100000
010001010100
010001001001
010000111101
010000110001
010000100110
010000011010
010000001111
010000000100
001111111000
001111101101
001111100010
001111010111
001111001100
001111000001
001110110110
001110101011
001110100000
001110010110
001110001011
001110000000
001101110110
001101101100
001101100001
001101010111
001101001101
001101000011
001100111001
001100101111
001100100101
001100011011
001100010010
001100001000
001011111110
001011110101
001011101100
001011100010
001011011001
001011010000
001011000111
001010111110
001010110101
001010101101
001010100100
001010011011
001010010011
001010001010
001010000010
001001111010
001001110001
001001101001
001001100001
001001011001
001001010010
001001001010
001001000010
001000111010
001000110011
001000101100
001000100100
001000011101
001000010110
001000001111
001000000111
001000000000
000111111010
000111110011
000111101100
000111100101
000111011111
000111011000
000111010010
000111001011
000111000101
000110111111
000110111001
000110110011
000110101101
000110100111
000110100001
000110011011
000110010110
000110010000
000110001010
000110000101
000101111111
000101111010
000101110101
000101101111
000101101010
000101100101
000101100000
000101011011
000101010110
000101010001
000101001101
000101001000
000101000011
000100111111
000100111010
000100110110
000100110001
000100101101
000100101001
000100100100
000100100000
000100011100
000100011000
000100010100
000100010000
000100001100
000100001000
000100000100
000100000000
000011111101
000011111001
000011110101
000011110010
000011101110
000011101011
000011100111
000011100100
000011100001
000011011101
000011011010
000011010111
000011010100
000011010001
000011001110
000011001011
000011001000
000011000101
000011000010
000010111111
000010111100
000010111001
000010110111
000010110100
000010110001
000010101111
000010101100
000010101001
000010100111
000010100100
000010100010
000010100000
000010011101
000010011011
000010011001
000010010110
000010010100
000010010010
000010010000
000010001101
000010001011
000010001001
000010000111
000010000101
000010000011
000010000001
000001111111
000001111101
000001111011
000001111010
000001111000
000001110110
000001110100
000001110010
000001110001
000001101111
000001101101
000001101100
000001101010
000001101000
000001100111
000001100101
000001100100
000001100010
000001100001
000001011111
000001011110
000001011100
000001011011
000001011010
000001011000
000001010111
000001010110
000001010100
000001010011
000001010010
000001010001
000001001111
000001001110
000001001101
000001001100
000001001011
000001001010
000001001000
000001000111
000001000110
000001000101
000001000100
000001000011
000001000010
000001000001
000001000000
000000111111
000000111110
000000111101
000000111100
000000111011
000000111010
000000111001
000000111001
000000111000
000000110111
000000110110
000000110101
000000110100
000000110100
000000110011
000000110010
000000110001
000000110001
000000110000
000000101111
000000101110
000000101110
000000101101
000000101100
000000101100
000000101011
000000101010
000000101010
000000101001
000000101000
000000101000
000000100111
000000100110
000000100110
000000100101
000000100101
000000100100
000000100100
000000100011
000000100011
000000100010
000000100001
000000100001
000000100000
000000100000
000000011111
000000011111
000000011110
000000011110
000000011110
000000011101
000000011101
000000011100
000000011100
000000011011
000000011011
000000011011
000000011010
000000011010
000000011001
000000011001
000000011001
000000011000
000000011000
000000010111
000000010111
000000010111
000000010110
000000010110
000000010110
000000010101
000000010101
000000010101
000000010100
000000010100
000000010100
000000010011
000000010011
000000010011
000000010011
000000010010
000000010010
000000010010
000000010001
000000010001
000000010001
000000010001
000000010000
000000010000
000000010000
000000010000
000000001111
000000001111
000000001111
000000001111
000000001110
000000001110
000000001110
000000001110
000000001110
000000001101
000000001101
000000001101
000000001101
000000001101
000000001100
000000001100
000000001100
000000001100
000000001100
000000001011
000000001011
000000001011
000000001011
000000001011
000000001011
000000001010
000000001010
000000001010
000000001010
000000001010
000000001010
000000001001
000000001001
000000001001
000000001001
000000001001
000000001001
000000001001
000000001001
000000001000
000000001000
000000001000
000000001000
000000001000
000000001000
000000001000
000000001000
000000000111
000000000111
000000000111
000000000111
000000000111
000000000111
000000000111
000000000111
000000000111
000000000110
000000000110
000000000110
000000000110
000000000110
000000000110
000000000110
000000000110
000000000110
000000000110
000000000110
000000000101
000000000101
000000000101
000000000101
000000000101
000000000101
000000000101
000000000101
000000000101
000000000101
000000000101
000000000101
000000000100
000000000100
000000000100
000000000100
000000000100
000000000100
000000000100
000000000100
000000000100
000000000100
000000000100
000000000100
000000000100
000000000100
000000000100
000000000100
000000000011
000000000011
000000000011
000000000011
000000000011
000000000011
000000000011
000000000011
000000000011
000000000011
000000000011
000000000011
000000000011
000000000011
000000000011
000000000011
000000000011
000000000011
000000000011
000000000011
000000000011
000000000011
000000000010
000000000010
000000000010
000000000010
000000000010
000000000010
000000000010
000000000010
000000000010
000000000010
000000000010
000000000010
000000000010
000000000010
000000000010
000000000010
000000000010
000000000010
000000000010
000000000010
000000000010
000000000010
000000000010
000000000010
000000000010
000000000010
000000000010
000000000010
000000000010
000000000010
000000000010
000000000010
000000000010
000000000001
000000000001
000000000001
000000000001
000000000001
000000000001
000000000001
000000000001
000000000001
000000000001
000000000001
000000000001
000000000001
000000000001
000000000001
000000000001
000000000001
000000000001
000000000001
000000000001
000000000001
000000000001
000000000001
000000000001
000000000001
000000000001
000000000001
000000000001
000000000001
000000000001
000000000001
000000000001
000000000001
000000000001
000000000001
000000000001
000000000001
000000000001
000000000001
000000000001
000000000001
000000000001
000000000001
000000000001
000000000001
000000000001
000000000001
000000000001
000000000001
000000000001
000000000001
000000000001
000000000001
000000000001
000000000001
000000000001
000000000001
000000000001
000000000001
000000000001
000000000001
000000000001
000000000001
000000000001
000000000001
000000000001
000000000001
000000000001
000000000001
000000000001
000000000000
000000000000
000000000000
000000000000
000000000000
000000000000
000000000000
000000000000
000000000000
000000000000
000000000000
000000000000
000000000000
000000000000
000000000000
000000000000
000000000000
000000000000
000000000000
000000000000
000000000000
000000000000
000000000000
000000000000
000000000000
000000000000
000000000000
000000000000
000000000000
000000000000
000000000000
000000000000
000000000000
000000000000
000000000000
000000000000
000000000000
000000000000
000000000000
000000000000
000000000000
000000000000
000000000000
000000000000
000000000000
000000000000
000000000000
000000000000
000000000000
000000000000
000000000000
000000000000
000000000000
000000000000
000000000000
000000000000
000000000000
000000000000
000000000000
000000000000
000000000000
000000000000
000000000000
000000000000
000000000000
000000000000
000000000000
000000000000
000000000000
000000000000
000000000000
000000000000
000000000000
000000000000
000000000000
000000000000
000000000000
000000000000
000000000000
000000000000
000000000000
000000000000
000000000000
000000000000
000000000000
000000000000
000000000000
000000000000
000000000000
000000000000
000000000000
000000000000
000000000000
000000000000
000000000000
000000000000
000000000000
000000000000
000000000000
000000000000
000000000000
000000000000
000000000000
000000000000
000000000000
000000000000
000000000000
000000000000
000000000000
000000000000
000000000000
000000000000
000000000000
000000000000
000000000000
000000000000
000000000000
000000000000
000000000000
000000000000
000000000000
000000000000
000000000000
000000000000
000000000000
000000000000
000000000000
000000000000
000000000000
000000000000
000000000000
000000000000
000000000000
000000000000
000000000000
000000000000
000000000000
000000000000
000000000000
000000000000
000000000000
000000000000
000000000000
000000000000
000000000000
000000000000
000000000000
000000000000
000000000000
000000000000
000000000000
000000000000
000000000000
000000000000
000000000000
000000000000
000000000000
000000000000
000000000000
000000000000
000000000000
000000000000
000000000000
000000000000
000000000000
000000000000
000000000000
000000000000
000000000000
000000000000
000000000000
000000000000
000000000000
000000000000
000000000000
000000000000
000000000000
000000000000
000000000000
000000000000
000000000000
000000000000
000000000000
000000000000
000000000000
000000000000
000000000000
000000000000
000000000000
000000000000
000000000000
000000000000
000000000000
000000000000
000000000000
000000000000
000000000000
000000000000
000000000000
000000000000
000000000000
000000000000
000000000000
000000000000
000000000000
000000000000
000000000000
000000000000
000000000000
000000000000
000000000000
000000000000
000000000000
000000000000
000000000000
000000000000
000000000000
000000000000
000000000000
000000000000
000000000000
000000000000
000000000000
000000000000
000000000000
000000000000
000000000000
000000000000
000000000000
000000000000
000000000000
000000000000
000000000000
000000000000
000000000000
000000000000
000000000000
000000000000
000000000000
000000000000
000000000000
000000000000
000000000000
000000000000
000000000000
000000000000
000000000000
000000000000
000000000000
000000000000
000000000000
000000000000
000000000000
000000000000
000000000000
000000000000
000000000000
000000000000
000000000000
000000000000
000000000000
000000000000
000000000000
000000000000
000000000000
000000000000
000000000000
000000000000
000000000000
000000000000
000000000000
000000000000
000000000000
000000000000
000000000000
000000000000
000000000000
000000000000
000000000000
000000000000
000000000000
000000000000
000000000000
000000000000
000000000000
000000000000
000000000000
000000000000
000000000000
000000000000
000000000000
000000000000
000000000000
000000000000
000000000000
000000000000
000000000000
000000000000
000000000000
000000000000
000000000000
000000000000
000000000000
000000000000
000000000000
000000000000
000000000000
000000000000
000000000000
000000000000
000000000000
000000000000
000000000000
000000000000
000000000000
000000000000
000000000000
000000000000
000000000000
000000000000
000000000000
000000000000
000000000000
000000000000
000000000000
000000000000
000000000000
000000000000
000000000000
000000000000
000000000000
000000000000
000000000000
000000000000
000000000000
000000000000
000000000000
000000000000
000000000000
000000000000
000000000000
000000000000
000000000000
000000000000
000000000000
000000000000
000000000000
000000000000
000000000000
000000000000
000000000000
000000000000
000000000000
000000000000
000000000000
000000000000
000000000000
000000000000
000000000000
000000000000
000000000000
000000000000
000000000000
000000000000
000000000000
000000000000
000000000000
000000000000
000000000000
000000000000
000000000000
000000000000
000000000000
000000000000
000000000000
000000000000
000000000000
000000000000
000000000000
000000000000
000000000000
000000000000
000000000000
000000000000
000000000000
000000000000
000000000000
000000000000
000000000000
000000000000
000000000000
000000000000
000000000000
000000000000
000000000000
000000000000
000000000000
000000000000
000000000000
000000000000
000000000000
000000000000
000000000000